             precision    recall  f1-score   support

          0       0.91      0.94      0.92      5099
          1       0.92      0.93      0.93      4149
          2       0.82      0.86      0.84      2882
          3       0.93      0.87      0.90      2523
          4       0.92      0.86      0.89      2384
          5       0.85      0.84      0.85      1977
          6       0.92      0.88      0.90      2019
          7       0.85      0.76      0.81      1660
          8       0.83      0.85      0.84      1595
          9       0.80      0.90      0.85      1744

avg / total       0.88      0.88      0.88     26032
