             precision    recall  f1-score   support

          0       0.87      0.92      0.89      5099
          1       0.86      0.90      0.88      4149
          2       0.78      0.74      0.76      2882
          3       0.84      0.85      0.85      2523
          4       0.80      0.84      0.82      2384
          5       0.78      0.77      0.78      1977
          6       0.88      0.84      0.86      2019
          7       0.78      0.63      0.70      1660
          8       0.79      0.74      0.77      1595
          9       0.77      0.83      0.80      1744

avg / total       0.83      0.83      0.83     26032
