             precision    recall  f1-score   support

          0       0.96      0.97      0.97      5099
          1       0.97      0.97      0.97      4149
          2       0.95      0.93      0.94      2882
          3       0.97      0.97      0.97      2523
          4       0.97      0.96      0.96      2384
          5       0.95      0.97      0.96      1977
          6       0.97      0.95      0.96      2019
          7       0.97      0.93      0.95      1660
          8       0.91      0.96      0.93      1595
          9       0.96      0.96      0.96      1744

avg / total       0.96      0.96      0.96     26032
